  7142
 13176
 31924
 89069
 80193
 78539
 29422
 32487
 19735
 67483
 34555
 57581
 26031
 14028
 22050
 74703
 59233
 41001
 70807
 79686
 12666
 35795
 43504
 47599
 38347
 44065
 37370
 17362
 28720
 57173
 32683
 35862
 70350
 80959
 41284
 66895
 59498
 70706
 99383
 79233
 54541
 50290
 53166
 80572
 64318
 91569
 55275
 23551
 48922
 42434
 19590
 77940
 94582
 63094
 25540
 32929
 23511
 62910
 66643
 52231
 36436
 15678
  4445
 23138
 96638
 45729
 90033
 56136
 16435
  5768
 51722
 70976
 56059
 21240
 67900
 36729
 12809
 23175
 76633
 61731
 65610
 96223
 39672
 76544
 75669
 81564
  9473
 99180
 60826
 92468
 51411
 97262
  8146
 55856
 20400
  4784
 17938
 26786
 77273
 50725
 32554
 28995
 38054
  4965
 50235
  5954
 41695
 79397
 29130
 34680
 57480
 11092
 47255
 13504
 87636
 39276
 95068
 13461
 38456
 55895
  5929
  6219
 69509
 30427
 78427
 89910
 35212
 12717
 33048
 28837
 63443
 65602
 74184
  1497
 70568
 40771
  7451
 28615
 20168
 52933
 79647
 77649
 64025
 26902
  7505
 68013
 66178
  2574
 81474
 20986
 58469
  3755
 43557
 44330
 34183
 38336
 34240
 85747
 51054
 83640
 14584
 14497
 49243
 88768
 15994
 36163
 29539
 39797
 81130
 49708
 92731
 60777
 43709
 73108
  4031
 51214
 41122
 70209
 70140
 22596
  7547
 44961
 26352
 51104
 89292
 60535
 89440
 39884
 62634
 40494
 23525
 77218
 71343
 89120
 65986
  3689
 41635
 11877
 43487
 22765
 77937
 52570
 99894
 37998
 25678
 20277
 89213
 66800
  6838
 75705
  5749
 14385
 20667
 32101
 81841
  9959
  8988
 71281
 49843
 71622
 28128
 89720
 65192
 99471
 78840
 47530
 19513
 20475
 59407
 63000
 59592
 53697
 15570
 75838
 91695
 57600
 96115
 97260
 24401
  2953
 72966
 30150
 33690
 93633
 78603
 15531
  3592
  3943
  3165
 69787
 91917
 47645
 59508
 57109
 63468
 54700
  4639
 82981
 75176
 80398
 45981
 51120
 34095
 77903
 26959
 25791
 51856
 39426
 23051
 76257
 58732
 96017
 22759
 92422
 89650
 17714
 24306
  9594
 21657
 27471
 95734
 13574
 91468
 71594
 87035
 54936
 26294
 91674
 37918
 17822
 72072
 83899
 68943
 22520
 78155
 12254
 48311
 30011
 51680
 71362
 22620
 10412
 83732
 61731
 19187
 73382
 79445
 59845
 99329
 17454
 87316
 11415
 47380
 78784
 83009
 34415
 33720
  9303
 42441
 87990
 27126
 14513
 88242
 96069
 37033
 66397
 24675
  1696
 12760
 76355
 73059
 51732
  3120
 56791
 13463
 38659
 46525
  9260
 98504
 62206
 43066
  2172
 73621
 90446
 97308
 56630
 24861
 47380
 65934
 67302
 35371
  9412
 98167
 23613
 21833
 51553
  6362
 46508
 53249
 19122
 39215
 42660
 87206
 58687
 15803
   669
 97346
 78681
 26281
 12202
 57239
 69347
 14374
 30861
 76145
 28034
  3843
 17358
 75415
 86129
  1012
 27138
 95541
 15531
 50751
 33726
 67084
 73465
 80234
 36686
  8939
 19450
 95698
 96145
 94489
 11502
 13166
 91836
  6535
 39447
 20390
 63774
 25146
 34765
 10987
  1291
 79151
 14831
 35001
 54566
 17312
 36013
 81704
 12854
 51544
 48807
 46580
 34981
 22272
 43167
 71667
 31211
 78969
 83717
 43708
 73458
 11571
 56874
 81646
 18106
 96321
  2037
 98233
 37819
 53154
  9220
 39110
 32305
 40403
 74111
 86872
 57716
 26476
 84928
 86922
 78021
 50088
 33502
 29354
 88712
 93021
 17373
 36276
 71990
  1090
 79984
 61801
 12662
 36859
 43447
 47120
 49532
 45484
 45353
 87352
 98638
 70926
 42814
 30944
 11329
 33278
 34168
 69045
 59754
 35448
 55967
 54127
  1888
  5822
 83481
 90601
 98843
   854
 43229
 87186
 18297
 23213
 48987
 30959
 76424
  8786
 94431
 42309
 54271
 39785
 29661
 69261
 10711
 88827
 16557
 38392
 22105
 67077
  7438
 98212
  2526
 79757
 68691
 20766
 85579
 52173
 27719
   775
 69379
 70948
  4313
  4028
 10514
 69652
 51339
  3290
 78438
 45771
 45599
 49061
 85556
 91612
 18323
 12619
 80440
 51232
 51011
 18897
 18310
 74801
 33461
 37188
 54559
  2153
 57954
 40138
 70678
 85674
 57265
 56409
 56622
 61578
 60438
 83488
 47582
 11777
 86779
 26021
 57548
 32378
 75082
 59456
 23991
  9757
 88427
 20783
 60990
 55791
 56032
 79300
 30592
 89494
 32840
 85151
  7999
 90794
 41642
 95029
 92820
 15259
 51438
 49443
 93190
 28228
 49283
 40772
 56358
 36062
 66793
 30258
 68441
 58228
  6067
  8784
 84337
 94494
 45919
 45327
 50285
  1951
 40979
 97230
  7797
 90171
 98733
 32148
 80966
 56727
 27177
 73786
 71987
 94968
 39581
 81529
 23196
 88865
 22301
 79554
 41279
  5447
  9813
  9720
 80027
 15880
 34856
 64364
 26726
 97127
 26044
 93364
 99079
 83375
 90594
 23228
 73547
  5679
 55377
 70865
 62407
 98906
 44651
 50746
 93874
   585
 32275
 17071
 89450
 54576
 12977
 30729
 76375
 39142
 56802
 56402
 55022
  8010
 37119
 98101
  5138
 63163
 91465
 20569
 62890
 98411
 60149
 36437
  4090
 31878
 23654
 82849
 30785
 68306
 33595
 24659
 85243
 65870
 58082
 74693
 36799
 87412
 21774
 29526
 26554
 94928
 85929
 97929
 19291
 39400
 96030
 40781
 18915
 87495
 61350
 81805
 85906
 21499
 34595
  6348
 53378
 58249
 89198
   515
 42907
 22793
 25174
 28150
  5016
 99609
 19195
 58167
 87021
 57322
 87693
 29927
 68602
 89974
 27856
 87893
 29374
 23886
 28674
 48289
 27733
  6376
 46447
 13639
 27876
 97394
 36340
 97606
 71995
 25538
 98121
 14903
 64683
 39647
 59405
 69699
 55608
 78601
 27866
 58981
 52275
 31912
 88909
 20877
 21886
 16765
  8771
 51261
 40652
 37445
 15902
 68385
 43822
 78701
 98377
 88050
 76095
 34717
  2008
 48091
 76607
 16481
 79346
 41290
 72480
 38751
 27342
 28089
 33704
 71560
 87070
 85979
  3472
 75979
 23209
 25359
 92745
 31980
 92972
 49749
 85777
 25226
 18134
 45951
  3928
 32863
 50353
 96375
 83932
 52361
 44466
 60539
 85194
 40164
 18182
 57675
 95268
 45524
 85764
 28972
 33436
 89186
 31304
 36909
 65166
 70865
 78620
 74263
  2845
 71592
 24012
  4974
 96818
 58498
 50926
 17098
 91362
  1279
 13474
 91646
 69993
 74292
 52186
 55187
 14457
 70368
 12862
 26077
 32244
 14978
 55049
 65680
  4165
  2705
  2589
 85683
 73570
 97561
 76298
 92767
 69153
   310
 97742
 82324
 75160
 65020
 15774
 82874
 82651
 29248
 74521
 52644
  3541
 26707
 24184
 34350
 13427
 53398
 60427
 45671
 68377
 31828
 27703
 88894
 50886
 46645
 90929
 40808
 44206
 67227
 49928
 13360
 67537
 47670
 12036
 59049
 29042
 27810
 41924
 11693
 73411
 32797
 80690
 93304
 75856
 21226
 27654
 89283
 74624
  4433
 51306
 59353
 52613
 79009
 48247
 19851
 25654
 39176
 60660
 69861
  6403
 10588
 99573
 90292
 74610
 27961
 65694
 20004
 55771
  7618
 48049
 29182
 40415
 28739
 38838
 32623
 66317
 82844
 21906
 40942
 87277
 89564
   295
 56243
 68573
 64895
 76094
 10580
 20423
 53106
 80441
 43179
 80046
 96366
 49823
 71008
 24327
 15517
 91012
 96450
 39487
 39062
 25633
 96254
 84153
 80823
 28877
 50471
 63668
 50783
  7765
 50945
 40347
 24412
 23540
 25273
  5659
 99635
 35853
 26083
 69093
 32646
 85614
 49140
 29012
 35437
 20148
 69691
 50955
 27513
 66141
 90442
 66575
  8126
 86697
 67080
 88950
 31926
 33903
 52618
 82710
 58020
 19915
 39409
 82433
 43456
 81034
 88092
 59443
 33239
 30527
 28536
 65885
 16141
 94028
 11249
 51579
 30529
 80940
 18886
 58042
 47082
  9328
