309653
852030
478780
 69349
845299
967448
206096
823821
257304
753645
781172
187930
127639
 44738
262197
692012
307075
542989
 99672
910335
921241
691799
319926
562999
782374
338436
980885
189188
489077
156843
871504
798730
525225
866637
868079
886876
350437
590527
227049
607741
344172
  8222
795672
988164
 52960
574221
680176
360035
117210
296200
786722
554803
504351
106649
117803
286725
445085
615040
475913
934162
288235
863770
249245
813460
730407
117324
700337
 80844
707852
927386
688586
568376
451960
   610
 72892
504920
574831
269421
381308
208394
565621
684382
763197
 69973
791031
397352
873050
752468
 12392
348964
686631
816979
729086
452228
630440
459493
569552
847129
 56689
793756
