309653
852030
478780
 69349
845299
967448
206096
823821
257304
753645
781172
187930
127639
 44738
262197
692012
307075
542989
 99672
910335
921241
691799
319926
562999
782374
338436
980885
189188
489077
156843
871504
798730
525225
866637
868079
886876
350437
590527
227049
607741
344172
  8222
795672
988164
 52960
574221
680176
360035
117210
296200
786722
554803
504351
106649
117803
286725
445085
615040
475913
934162
288235
863770
249245
813460
730407
117324
700337
 80844
707852
927386
688586
568376
451960
   610
 72892
504920
574831
269421
381308
208394
565621
684382
763197
 69973
791031
397352
873050
752468
 12392
348964
686631
816979
729086
452228
630440
459493
569552
847129
 56689
793756
290867
261627
878485
742828
262237
951377
764100
353421
220798
661760
 78167
302772
346143
357716
372745
653526
755069
245795
405995
283813
111111
608978
100793
840197
 61206
247585
816042
147110
611066
872732
457219
901933
134359
335704
161113
912949
803433
441566
782722
540584
103326
860889
843356
965821
218605
732453
619348
490026
978248
 25343
773840
605712
634321
390985
445909
695527
638570
261952
358989
249636
651036
816208
667921
785395
668264
345387
698344
471698
786953
481066
528634
406631
858307
888342
372453
593265
620795
508153
 83291
599043
533496
857131
204755
684169
248116
167017
896048
403038
945321
255037
652674
596357
 71246
320596
898104
739510
665983
596449
727560
969288
593867
256194
892271
968527
144536
264724
561792
765331
289229
645083
880727
822725
 18567
601834
506894
783035
285203
919294
186074
230524
174332
355100
826881
245578
675696
241338
985088
858031
837787
712649
343671
948006
485195
235943
916533
629732
 17019
478325
911415
306249
639761
792142
645326
658328
910329
668573
957715
195532
587867
143789
942409
762199
498890
285642
  7777
690938
526980
509218
 65322
881119
738219
408993
829126
223414
161288
262011
369498
178308
256689
280914
   909
896450
589408
646235
 71130
499737
314808
 28845
211622
902676
688987
154031
181227
704229
439673
189005
911519
483006
214575
976841
364125
952794
902187
709603
176208
579827
971615
 62059
758135
744656
342973
275396
157458
448733
437984
228588
948471
752792
773785
676445
171820
979124
346828
869400
683353
302853
574757
594873
785859
789332
571714
149985
258478
990253
859588
951038
570081
347555
 13097
844568
 92211
356070
119965
249669
804804
557949
994609
269627
827093
284747
462424
515266
263871
809252
384666
947225
112105
959423
542098
414317
265107
630164
 80654
523585
620418
456594
474623
706851
804150
487721
551419
412713
360143
187736
178735
681299
262037
689696
467278
605483
974443
929702
120749
238315
255306
 21767
185540
883764
497542
243990
298081
762649
874154
895087
802586
 10924
351681
277209
234127
672183
281282
301899
 84897
157778
489635
779984
839077
751673
469680
822708
357156
444124
752410
994257
682439
524069
 16024
384331
407833
 29918
628321
222266
792567
 18827
117353
595153
546104
469034
388714
296583
141218
186349
598482
742467
344127
 88118
 38803
699556
356143
508483
522264
229651
468959
791027
223908
667750
315096
756284
568433
239281
786202
196754
461547
 95121
731934
578900
206626
794390
564286
595340
607325
221856
781689
205808
480675
642168
810278
519478
341725
166421
544314
863989
912424
 13273
171368
652684
197376
486464
925320
765809
725745
227874
478916
703644
322995
727202
282544
529621
 37944
363183
641313
645269
585039
423003
851077
 65715
581523
661355
101545
923248
344128
645859
303590
772904
175485
474958
425588
372861
961423
350908
138670
203520
578782
133938
907165
418129
861140
706061
947750
899084
 69244
589064
544354
654284
528419
395431
236351
109942
573139
337896
549543
433619
500108
853133
206524
675593
328091
632112
564806
805866
499373
219828
  9387
594507
353767
432904
 12637
214907
138965
960387
630344
208210
 65803
174698
378846
110574
 86481
131549
220517
175972
985797
286412
609592
485905
139545
816116
677850
467636
964580
759008
789855
463953
978837
799242
 58461
332604
232146
 71098
 63863
887463
547837
694207
612025
613641
385257
990871
240567
471739
638772
977436
647711
624570
263848
773655
626827
403393
589771
821030
387382
554352
580038
177237
534657
558875
492831
593118
407831
241329
180568
988047
128792
728406
682254
740818
858399
583864
248041
 98966
571955
886814
 76403
736018
 27736
856603
509674
170915
259997
615797
508297
647379
170149
 88336
340968
221159
163563
833799
330629
 87747
 75128
511198
 75794
720272
755956
274400
461090
130707
858264
225484
746025
430219
628650
338780
166238
172738
195384
675912
343653
455381
808061
851951
619112
494563
456639
960080
715722
136554
310231
 46351
224301
901711
 73901
300095
621983
346209
574496
 83074
476916
432760
824910
222942
379332
453560
561722
545570
626298
757106
737834
969951
728839
545895
338254
347951
 40458
311245
824383
272532
447800
650966
318884
672101
552677
909137
972197
174661
255347
 63045
774087
732263
495805
598997
471557
875137
 52557
549632
937059
678855
306738
191245
165158
551930
253493
 19765
899881
293951
847362
240617
 82836
295162
407935
918072
483616
960613
827209
972165
651626
598908
 35210
425713
847524
 47367
541062
319081
438857
109971
868713
375916
305178
691804
 83514
986688
243734
337007
  6453
659967
147310
370168
416936
230146
181682
824872
148218
665298
301837
491780
153815
953463
 90688
189025
895528
938212
236393
436590
773646
675250
546561
642359
567518
851739
850515
651032
838427
 94249
988039
361233
754217
135350
247753
687505
881848
429435
512377
 30067
611086
814214
521847
764901
767677
128887
470279
179557
 67100
223024
616147
840746
414626
679060
999457
498496
 47151
849973
149529
401931
460574
653920
279516
214791
305622
527269
418649
187471
473056
931026
733890
 84142
745241
772089
365396
 29270
900976
352027
725180
968076
575051
341327
325174
506029
536740
840984
  4525
583891
207309
670406
985822
667883
324327
781690
399027
146301
308959
817676
333772
782016
265054
584014
382510
526647
356103
747906
555918
257080
 99933
281098
741508
191336
138777
583035
697365
191869
424019
218243
775761
147680
888649
277935
815563
729328
 59626
730942
875630
884937
548618
725754
183305
813673
309769
565816
340320
182224
830074
412590
439304
446360
210040
697165
154048
865170
280200
851414
 57039
220571
586009
349152
368251
474658
143440
700166
203987
203066
431109
595969
604355
496079
321723
787661
826104
147844
869829
682777
846421
699903
611719
285725
662615
821760
982890
816664
203282
779442
184430
776673
    13
770439
125826
884616
761449
269266
101135
965436
988684
 48596
 77757
593039
544675
915833
897052
887132
580029
766881
569909
426450
983137
181628
712176
162104
519740
211418
978768
239374
507213
679550
 16048
 23578
966341
141874
908195
727791
927492
525682
693227
916176
574278
287337
 25567
118953
203170
438972
  6085
783199
205853
 92346
209650
705342
790327
438178
383799
826419
165948
878919
 65794
673161
558470
 81842
696740
524811
740068
121287
252602
667560
646969
462182
100088
221247
749519
125655
856552
469041
564627
378990
252240
286833
471336
978242
508527
778015
416420
892326
604435
582369
771246
670229
771882
329716
268423
468622
370879
  8491
106261
623482
192403
269582
602016
292491
490829
867887
418146
863734
336928
982774
242724
589168
785959
230412
 83763
294486
  8428
 16535
186813
129215
115256
474411
799444
887139
320479
 67867
872113
691358
592710
978375
831192
785113
247957
433208
 77604
255139
301095
 12102
118873
154375
511228
877949
259896
297187
108361
343659
591674
633141
360194
294839
762356
475451
285602
 78152
362590
606081
662371
751055
813791
255081
245782
644984
556546
 10092
594544
634150
265231
411992
646253
900456
566367
157481
294757
826263
971021
403118
169922
 79047
552612
 46469
890238
314968
521920
175840
909473
400862
781921
571844
151917
112064
826926
397700
757048
383472
407792
867945
533975
189375
279937
696580
606183
846304
370413
900940
672568
341434
820410
358842
420481
373022
405311
310719
204343
443583
  2911
113816
844445
301184
685660
512715
413249
 28938
426767
170297
928763
350911
 38242
979090
540286
834531
675670
146469
680836
 46083
563761
869756
903870
384171
228598
840703
757194
150262
151423
477889
593845
154334
591705
954643
455519
793717
983710
385120
339008
410477
 71769
267771
761388
626364
246861
818026
460895
438883
480847
141731
  1318
 44608
527839
905188
428779
756438
262244
702325
423052
413667
180214
533249
 84353
288271
  4244
 56224
 81989
987954
441344
420997
914783
513114
205120
192523
139478
451981
 10549
116725
407216
491396
258457
408534
 52356
786296
830075
997488
 59086
 92319
699813
998490
 22338
880028
531740
623043
168299
535984
679268
766640
 40291
636964
187637
955074
666430
392757
663950
322260
361090
674499
438986
284658
682248
213795
693193
250956
516443
 39620
248444
575530
131939
948258
574020
670629
344638
622112
293672
 29289
674449
489292
795930
714740
642609
499919
186166
309039
409029
366468
147652
286471
 40968
102990
571130
239568
316785
264323
490524
833228
820295
738969
925110
952234
203579
 15483
139215
548217
637595
432887
 93858
312044
922180
889788
543136
 81141
906060
245655
390180
315089
612123
 54184
601560
169443
157174
172690
409011
473959
953365
415888
823540
773660
671209
748650
242246
874788
764133
381461
939357
401729
330701
 33215
230125
769233
439356
289614
850374
345416
 51621
240554
176857
180096
811091
294769
349540
968265
983812
274903
958577
453529
207143
782117
743542
878352
530767
985788
269492
811253
883602
725201
729334
214303
274769
959459
983536
714125
765425
833910
575893
817046
590816
269102
997143
401907
563871
863035
886525
 64035
137938
845102
517565
345082
627219
261107
739786
674338
763247
  9279
485591
646849
734480
214925
861152
  9249
690737
361040
239726
456162
194950
331971
789561
302119
601073
303056
704026
681297
166091
590551
745332
820381
952005
779249
681815
579224
 40356
421602
253563
803604
947233
739154
966805
198065
470432
344310
723667
161169
705350
963393
133683
416653
811717
923244
718772
412790
226300
939150
610439
908743
 46054
872124
245477
998059
651373
927292
577284
208082
865246
347199
528038
328831
602705
494843
526897
 73137
839153
766916
234306
 60856
730309
884342
477509
 58378
807586
712633
471169
550239
651783
597960
975334
214189
470084
220811
212249
121458
664456
305885
845892
 46054
653084
373930
374886
255789
868773
418135
845279
224279
185051
595937
285135
431712
480279
278996
490091
804218
991629
477612
354457
643412
 75572
846143
857602
 62009
 66955
586203
183467
247763
892088
 29359
293817
 61524
919641
185055
317313
788414
119542
678944
529045
820945
274882
814180
252658
755161
 93176
259101
 75731
601157
253065
430188
760922
328637
792684
134876
906998
859639
721079
606817
623754
129519
636176
917571
191043
 72169
618979
508356
376936
738521
703653
905981
559467
978535
236514
328477
250048
846042
587578
325780
447200
840643
272320
208122
685632
 65004
342998
592631
440995
580429
199448
 64749
709948
351977
498673
900991
424146
117652
925699
801082
856173
629352
223416
415640
124239
459930
744117
374288
305972
848047
216420
753172
205042
488740
477646
890675
553745
820644
999658
511092
917425
715458
575842
627373
583787
 74515
528364
524286
192167
970416
325368
 48340
599768
 65136
980333
724008
525066
240802
614648
831039
 88850
831068
100563
293892
319808
578210
700919
389905
915206
216929
900998
832632
932388
993192
976357
516175
 67707
 21074
 40461
776226
991490
882182
824566
591258
947318
321251
831618
472385
562054
446266
819776
167256
277334
436691
461148
113495
 14901
678420
503400
446460
895349
920750
795444
827737
913942
771801
860265
981649
792875
900726
757875
784365
299260
 98794
891976
246579
936397
723594
235316
 14803
686213
571444
182059
963547
  8135
159560
593394
539389
837980
 96795
985849
733329
533897
297645
 77419
447840
 69446
937684
945841
378674
354762
220069
679391
654023
835215
571367
416954
287964
811314
652270
302768
497527
740066
484827
461074
748201
644387
 54469
803942
482367
667616
306143
732049
717865
603788
325820
682057
189587
263504
144251
568261
134618
880672
764004
788641
232239
335372
205595
520203
146686
374217
822971
644213
114283
307799
621639
862485
468538
192460
182779
467258
376428
488923
715659
610646
 92711
 41479
292703
798650
821335
436954
883263
955953
833978
647268
744595
 66217
982640
466542
586421
645678
840760
409392
806243
955043
233543
944234
333880
218434
653047
516660
685692
545827
521935
401351
156473
614646
442830
965529
929649
780517
402483
812912
736470
236462
460180
481065
302679
959172
463960
405452
604850
304720
331197
927445
259763
564740
871680
109996
299526
524727
143008
985218
586906
664943
902921
743380
795941
862103
708909
725590
642620
627744
538503
379091
380558
515035
376508
199590
474208
840468
605042
 79058
145188
936239
  6504
921304
 17332
394536
547652
316858
435615
690660
818429
 22521
355603
721350
765901
151544
583454
991162
393487
742426
618907
931990
121517
515817
963377
 14378
715407
437585
854846
320450
516644
516387
773041
 39500
954043
306725
950388
501695
139936
386003
192355
958365
408524
 64310
679715
690778
732206
779521
198292
125693
521948
333551
574035
159817
849369
537413
174195
564776
974998
545394
401578
  7994
578133
690972
563846
532176
997697
514234
550223
137633
416589
742578
612350
341466
323240
292066
548596
 55446
587939
746888
697492
626239
 80440
271527
786057
446161
325292
476604
 10937
300291
 21998
928868
824637
116483
619840
904836
648659
133889
419070
198882
787875
352012
457812
400225
693478
781052
208643
242074
352851
312935
988962
 50343
939174
585754
838222
241583
 31915
163515
718188
559205
980158
256538
488073
321147
373022
624265
225983
538033
274506
645054
736916
 62381
997066
711080
978959
206896
492133
187602
448970
361336
 16889
954284
411679
956064
540039
766253
197647
571954
929768
432187
131159
426278
205078
135584
747426
578100
759849
973409
632485
 34356
134815
369401
613089
648233
 80482
592048
855129
 88967
296003
304099
966655
312892
258384
378334
785308
798423
144587
499308
886729
590708
447847
 17889
 16986
652925
669825
764412
747377
429675
737822
379863
980383
872637
265616
593472
520871
862450
701873
892352
467769
514228
196452
434424
343472
971188
329110
128781
285963
990050
144441
172692
580758
592288
706933
114096
245214
376759
878509
508943
322786
132683
405158
303169
521672
670775
412993
558895
 49577
631218
451248
517347
145446
164052
951771
488919
135240
280882
617700
937555
270932
278493
110247
368042
870781
333533
482138
632347
226644
360647
141291
 65782
  9682
546449
368951
531355
733576
298296
 90250
783154
929515
541498
300501
 74961
705550
768624
 80232
357142
565858
214284
294697
836790
492777
921297
721184
363559
771182
203323
512258
514178
 80322
653549
579960
 90005
716351
465263
137712
966279
763559
227962
749433
209426
285813
566286
800740
507715
851263
880972
381210
417121
 95257
675907
770264
588034
113556
491448
467945
884738
211123
980204
398916
291446
633753
495228
897803
866456
960491
 35515
832736
240403
263477
 98521
449829
 65642
181160
250569
573358
548775
131542
954568
965896
743151
146827
252512
331185
260384
743961
799131
661474
955084
779335
576743
762882
929440
 71971
660685
312249
 32463
696200
661337
789218
476030
276210
239047
541672
457370
  5969
631382
522497
137511
102302
488394
397014
249130
740906
728199
 25866
  1219
 43682
687340
472656
339369
264083
235538
268810
852407
896224
 97411
884870
108776
758748
674088
584806
 34958
429487
642831
  8681
435456
274213
531178
 89319
376516
535924
486333
625646
793183
730885
167864
794402
774567
855204
267058
113937
635640
502597
899099
488047
915173
512862
889269
 23949
271610
 79709
608756
822920
509196
251587
347953
461005
525800
879132
 66676
418668
931408
553010
560666
724591
800247
728530
518994
574814
583735
302404
205103
735727
805001
620554
223774
720174
133416
113043
744124
921378
709104
869232
744299
218300
120819
 92252
195657
162971
487736
262334
581640
419145
331696
658658
660088
131943
387189
179082
223109
970924
481487
428213
223003
802840
565119
446777
523015
698536
 76172
783491
136266
785276
652723
880565
519928
289894
489170
715586
452865
976906
494272
550857
912403
825968
209516
572492
957911
596705
267926
181020
 83981
749413
125585
306984
 68606
690705
270113
107973
905593
346285
891464
 41859
647913
 60539
438777
167841
350433
927947
399779
319650
421205
894051
870508
849961
720019
596376
422453
194282
709433
690379
375303
793414
956145
 17240
616750
541103
707945
403215
649076
129890
749500
540540
688102
913765
601079
643231
597958
467864
571178
997738
787514
508735
408141
174374
358696
128161
770750
297501
322443
480183
504233
214098
789949
976730
231339
923051
517833
455636
326266
166909
101879
592118
223801
306333
505883
341232
949564
620194
809096
 37094
617932
112962
545829
 26073
287337
420878
670586
 58087
718379
509382
 54623
222612
239832
360924
199342
987523
283976
233527
443160
126594
400436
 61391
718713
624237
367724
740948
965469
317288
361142
290917
354382
495426
403880
416563
 37852
691217
837441
708438
265656
 72173
734172
836631
294785
490357
197556
 10480
477880
997884
244007
437392
124478
160796
498783
359543
301385
866507
100492
266855
700147
977986
 74124
570881
473413
478004
987445
511265
169221
824886
736055
951230
897059
986580
787861
708197
476937
985417
235029
954817
499653
995388
392210
624132
156184
407345
983675
457570
790205
600519
240777
490352
578506
314901
 61234
 51919
792906
 48679
 79536
478479
389917
815591
946061
803329
318523
733923
 27878
795460
235692
262907
266630
735346
258295
175192
875830
414480
582537
859505
388402
372742
976377
145531
379447
554883
460432
957033
123154
769690
522064
202690
764522
428333
534633
710583
231662
853157
960858
259540
648617
712903
522447
915247
448249
297095
606791
840431
227927
189329
216288
616329
 78423
192665
761860
974222
747548
738644
931255
870702
 24687
969671
589744
305561
398005
124378
 16144
146019
977535
493355
405560
142504
206258
444359
574104
170859
741454
180895
 11290
485733
886576
743930
102062
481352
936596
380274
455574
684144
635271
903182
 71199
176310
872853
660943
481871
787210
301673
 14367
933230
279208
507722
855142
938065
230332
299501
512169
401191
557308
209416
928833
 43041
 95993
672764
661456
577345
125712
558082
549271
326208
709705
452453
397407
886015
841659
574703
367886
628869
876376
382254
 78451
671937
406328
933593
126354
153013
749447
638523
 70556
306755
364291
999390
866148
460284
188506
 43956
553981
830570
602039
103253
156778
311744
 72058
 70538
197760
913717
645241
 81998
 58939
 37969
980604
137390
226258
903285
 70984
352612
 56298
336783
507487
126854
643538
871779
642596
 26038
332063
831102
 69995
402397
178024
672034
505650
334803
500130
577708
405341
214242
  7778
566934
296241
583069
121255
793197
720459
347514
696482
307795
216478
752780
644578
723966
879635
804468
595745
522231
830507
444160
869686
416854
846557
564062
 88888
868559
898865
105370
962620
820558
319613
486750
903844
132206
 69819
 25100
441755
790278
888966
138238
614426
621796
407370
775356
345762
287005
 96177
457859
325589
443036
418372
711627
859890
264929
275689
465130
649841
690907
570500
612461
511465
406465
 99211
415310
 55023
169030
956762
496779
475660
362080
635017
606438
983876
 42387
898147
845991
845745
994324
303850
687686
437360
722222
399313
297250
503504
191354
762380
153345
882261
849232
282158
393727
772050
897721
325389
827073
 66751
798503
323852
 58763
160583
475221
181554
660811
 33961
 79701
506802
396058
 74025
327005
 83744
 27737
565579
999409
841339
 69083
190763
603719
738780
 73025
969303
537290
983104
741353
435011
308493
 84779
 18114
623348
924983
 76878
300283
400205
774784
961094
950518
854485
984249
346576
444862
311254
430320
472599
393185
429729
313938
462269
136844
434009
717401
209869
919664
254692
192973
661018
206055
 17818
262149
224170
157518
187132
817400
457801
587337
592184
418896
 54207
446669
919497
400783
407883
230751
347455
880482
623936
293536
710772
602557
430381
144781
836311
156602
 64445
 91003
865928
241815
813410
883746
503964
 37580
557617
691097
854980
 15418
794786
963516
950666
848994
926537
870163
766129
334420
617266
113585
214902
241203
407121
442026
360112
353854
586807
196423
510457
167605
803778
376385
925772
617189
776483
429737
171121
334100
637186
542454
865871
431972
505970
816537
797318
432508
686701
563448
766928
303967
677033
498183
 61522
600506
940209
421635
954361
 43369
134410
981170
210974
454541
873907
136746
588082
650390
 82835
759203
500843
236373
301657
366714
184698
807628
183251
982016
240136
386304
 61816
523416
690272
255201
 21599
751794
855708
961809
689781
326421
  5178
824192
823943
732504
795085
697850
385602
383167
864592
984790
142370
365435
221163
960380
248501
922213
768008
948105
904230
524496
334409
482398
 47912
541033
737600
585864
292828
109660
547673
498961
436081
 69203
839505
776376
318059
634590
474226
220013
534109
855170
204803
676480
736958
942319
636860
985459
864532
921220
449916
285114
962068
784326
767513
  9980
841711
 21465
112196
650891
131125
176221
149853
 83558
245424
505710
859934
 79835
140301
850512
299849
674410
705682
 21004
867242
442640
963323
 20454
944452
827856
458026
394368
629322
420094
695046
396835
946427
536758
418300
 58623
704001
 65777
234845
853854
149335
996621
359565
  9269
 76457
 16218
859781
892658
206980
 81816
913662
 74223
524456
393338
611029
985260
737546
 69056
379629
366868
  5502
591027
280056
951929
644137
214708
526905
348139
280486
761750
201993
946173
274723
 77910
955443
867532
 94128
331576
760190
817461
413392
190205
408036
454201
583543
 19065
439461
321089
604473
335442
204309
126328
926470
484365
 78257
570607
215426
121514
918746
495912
883264
637092
442085
674340
231354
913880
541872
325483
761809
302063
142944
691553
492268
 67332
145754
592163
 86397
101568
913252
207223
437010
117561
333551
879832
118279
928160
966792
333705
 49675
885538
345969
449291
 38982
788054
123631
270337
218287
665504
112172
980096
483919
771468
671649
492539
838800
333756
601054
441549
435324
514306
648772
388686
148219
982323
268519
782850
426836
235311
116555
476511
637201
462524
442154
192536
766931
 82138
462873
985218
263994
 91397
965314
747913
862865
153315
756804
701665
487071
357858
143214
922395
388516
308339
827434
 53087
290662
 95953
835938
233850
847616
952493
226713
484817
931370
668868
677353
698301
751006
656578
199871
 15000
747975
681537
279265
610840
834852
552421
828857
838276
426631
488424
277023
815147
796763
104457
868234
603777
200410
220524
837628
564378
689370
 64341
 49196
620740
249561
242901
835393
   567
899480
 35264
531919
163807
233153
327536
291000
584357
879957
119857
422633
306588
608281
699657
638087
921396
320466
 22674
525174
 37229
243198
362802
601607
932568
943495
650803
 69660
193057
410057
905053
709976
825889
456669
758248
989696
206174
 85784
280696
790532
482094
916906
213165
305034
 41539
429174
459474
962936
749641
482148
488110
786870
241698
367264
388477
690619
310759
555633
760279
 20168
482042
181685
246497
307931
154706
  4745
813979
360881
606881
611028
151413
605327
527934
880930
426714
569473
310105
886188
532409
576098
884688
536871
362968
126386
904135
751445
333357
731247
823430
 93637
751415
305472
791674
997912
129755
462732
519009
943735
339965
125891
554763
  7730
247570
599049
888661
674284
168522
715118
560472
217284
291216
961512
754155
654184
 87899
174643
921981
421256
905890
261764
 31245
173657
567236
339271
687922
696992
802004
206931
157079
141969
849174
711842
149700
 96745
310891
554713
287381
995765
269831
847854
213049
 77399
809366
483557
247935
413617
658200
686268
351226
 80442
948032
382471
770451
 31621
238095
458373
244965
 40099
181657
402044
698420
547183
630238
364472
160280
457481
435537
447662
453246
221720
811868
182648
299119
137586
182557
547054
551204
357109
749675
902430
953903
697707
801253
724354
245680
 39348
699080
490645
595799
880737
409041
810572
944272
555631
691396
104553
 13112
126934
 68567
982711
348654
880435
681711
647774
 18021
864268
711180
569225
221377
460855
988007
691632
674915
305613
415986
920595
861313
115066
927593
973465
512155
852986
784037
456428
408618
991785
 77333
938082
118719
145900
437145
467374
 26335
118856
631500
560708
983124
859032
646286
720853
836240
150645
928837
511155
456258
344824
948102
833924
976242
392047
807389
488398
245034
107778
461178
170004
 99563
 54863
624438
734635
717115
 61584
718361
259802
180440
349861
820510
679917
725245
466796
917122
561485
617442
845960
 72640
590052
707136
537095
423976
683378
929142
747717
688128
690528
855495
665658
860532
471411
720521
  1323
206046
437636
579259
440759
697438
276051
306972
 34301
472320
 32217
501097
389443
593703
634891
751755
182695
224944
975243
719790
165272
658621
648933
912990
863102
855813
284837
528760
232698
272600
249282
234021
994998
203270
813280
435757
417061
 89331
742729
451362
561652
774947
468811
467447
885002
103703
735554
 67697
844999
710797
303840
526623
885770
469125
955965
748872
324938
240803
277633
557636
 29755
 43267
308009
 24754
246537
121289
460511
179950
726973
719593
631312
804977
 10892
100124
788776
895894
720179
 40682
479943
 81530
751479
783783
608153
153601
252908
564119
418826
 94199
321274
696459
651835
351029
256078
476197
375783
 18967
113838
352647
198918
840811
588592
830230
162140
599484
446706
467268
495378
683237
507950
491673
764767
259429
275457
889273
929383
 44717
453392
348209
138916
774666
561020
307104
642047
817098
299653
 17831
836065
413491
886830
551335
770655
475422
897918
932795
 74906
344624
400064
 86636
544214
908014
578309
308981
683796
370118
198254
613179
414836
167998
477740
 70104
459016
 38760
893560
101064
855858
193213
635247
208275
606705
 38429
759611
377360
513851
173881
826507
105109
518505
742923
708097
 62719
167290
286406
888053
367438
656525
602659
496969
587713
770658
974709
174169
229674
 13469
 67730
847090
385679
777295
482337
110306
384000
520766
386269
277712
550969
560150
620572
172430
595008
879847
880527
657727
 47137
166934
 62132
930927
339811
664792
427896
443876
435450
918957
618045
181476
448778
202127
 28567
834457
979423
 27256
944764
363423
 64375
847385
157488
131696
407536
294412
304127
  2544
174259
184654
176623
737749
867940
238756
185028
724103
419900
612925
167979
371702
 48234
302377
 69530
497013
504504
614449
331470
483927
641706
792586
363703
222433
639972
 37543
354129
 47508
331955
174608
566404
 22566
359263
743027
276667
743555
498135
461696
984011
918035
 74621
668342
806089
639207
970719
875620
136220
475224
490069
467691
475503
131775
776629
839206
870560
932953
393101
224690
496813
725056
915650
 63217
747623
791265
322597
540642
534821
820732
  2338
 35184
255120
593311
703526
 61209
232519
674246
936829
368739
665822
426899
352782
657677
 75026
129412
 13236
945587
578717
406337
686629
 75531
131394
602279
655100
395369
393545
977697
936011
444718
798430
454702
479902
 53550
 48013
183428
631111
280532
374026
567941
649272
556200
994840
  2054
213878
 69866
647818
227114
531805
226536
633451
218434
302067
281197
337066
957167
192918
730611
451217
645282
691681
249647
 99984
171583
819549
147997
871363
450660
428530
245390
534953
594154
801590
529793
596208
531820
116012
760379
758934
647817
986915
908738
382604
805334
189935
719670
278853
382854
966633
730070
544488
658314
496069
644472
346249
831970
792469
217612
282631
737351
979354
333936
331505
297297
863730
444066
829117
496094
204445
588052
660263
191360
496790
 42867
513046
203077
762537
791899
102283
245522
 38322
646771
903836
534391
291243
250085
366362
600065
467698
165345
853768
963404
499281
185274
260701
879363
629340
606171
891809
350137
194223
552073
541497
207365
111292
570895
410442
390182
362794
 29078
635704
401116
675849
539541
451860
483445
789626
334574
599862
773676
499919
453630
253433
515552
155256
514134
911268
300948
120305
803077
651085
830880
871502
708934
554597
982795
279829
481392
372977
642624
510470
  8681
560092
702671
 64574
 11952
186116
370553
346526
785978
660581
362797
239609
914014
878350
911217
944501
305970
212166
581158
109047
863251
928391
980550
572186
482988
479697
852015
480732
852674
 10991
991202
377707
 87436
693874
442282
615740
879990
329187
962267
182321
989768
841416
938282
903783
236118
849499
364636
542088
 61665
462146
167488
441269
390537
664390
529807
389878
144087
381822
870610
513113
909166
861813
407172
996602
 72039
849454
128694
468381
694993
607313
650702
684762
448730
588984
104897
201200
954836
469533
743289
532853
931679
427129
974122
838569
 91519
503929
228447
751958
402104
 99057
265071
827622
960870
672243
340576
549261
 38050
469270
 17643
733043
 76584
668345
934157
525314
773682
 39054
726514
244870
 24939
986155
777723
472971
413284
751846
311540
 21155
772127
 56339
773113
174231
155396
554536
518205
632619
743132
858781
181880
297534
328052
199523
546929
404636
384221
481087
929950
157903
 36493
172816
402773
 61433
675324
696848
 50756
 88608
965046
878648
626116
737174
934987
399229
427757
606735
470118
945963
755706
213250
804744
937587
510784
132796
653462
574065
 53784
 37683
 55152
500086
711938
 91646
672903
631063
669431
864579
327912
236539
953187
292958
631539
 95655
546484
566526
 11237
974242
689613
481355
436557
445320
210957
241301
899259
238093
890450
 69073
812158
460586
623109
867311
960673
335047
475309
149928
482463
661092
 14507
810375
897631
484046
619685
529170
579702
166170
612048
590939
140412
818013
 72294
576969
263333
799603
334622
678944
 37696
741424
748018
849854
202011
371127
233517
679036
222526
708826
828964
704989
886270
843471
 31716
783901
327517
651402
829423
907219
333924
441471
 14510
990688
259485
 86804
 84009
 39170
402759
418631
234467
440455
676408
498837
290310
394771
386316
 40179
 73807
608842
265358
902771
830184
151628
262594
861900
935530
590111
 29654
764953
 13683
363578
722777
544545
354266
982262
147702
438275
537784
550461
373259
772251
990917
 49667
787440
797579
444438
173756
837758
 34597
782599
103116
937368
129135
771097
199962
991035
706627
306425
 20690
987932
836460
900620
710709
897358
254887
209323
 45060
209514
263460
595521
582773
552063
102790
148792
339504
900369
109582
513260
254480
144179
812211
873948
597899
941346
645045
797861
448734
868024
620639
985776
372309
973451
886396
599370
870809
657635
808694
432221
867150
588506
 27743
966275
140569
130533
115068
996425
547255
224650
509686
801735
885182
838249
192035
483081
779596
837081
797295
228330
221457
417934
214106
593766
907737
616854
193137
294899
274490
518183
727120
141640
106689
271215
107915
763610
918101
739335
760036
465356
480338
786074
783443
365520
624323
975478
848601
920271
328911
645896
148601
 66721
580182
879059
660487
487920
495914
369976
782819
770404
404511
 26291
428396
511200
297507
 52663
791163
215608
791999
 67551
197316
788689
853625
980759
154209
994300
472589
  2810
914572
317853
648707
579525
900926
228889
458585
561413
233161
470851
447742
532332
757607
852253
558624
186003
879806
372483
755018
670969
104443
 63369
254872
301759
852058
108497
798870
  6267
619149
787811
525430
533721
105664
174137
629599
  6590
919378
 88184
 84356
152540
 75387
 48450
201224
832994
900703
759848
 18997
296861
648683
290367
484182
753126
353737
739054
571237
205795
363903
370107
728415
983053
157919
253845
 33126
779935
944334
662725
302878
863712
267261
387234
532604
342648
952036
733829
175642
852739
 10029
710991
665953
658713
  1359
150135
928191
871448
889190
499429
593595
253093
869536
838362
752498
 27455
 92207
785625
323743
 36541
448350
626621
416606
231964
 13855
949210
574612
965891
199391
266607
334982
209421
977598
   935
384486
495309
667423
312677
883109
556613
812106
476705
326058
681643
315067
 78557
225450
923627
380534
 65545
476520
345236
692166
893126
577200
222373
358689
668165
704616
 74432
934772
 39599
283853
428722
556886
184691
440384
224309
497369
323493
297274
309475
316550
623333
507470
631618
218242
249273
 71597
598776
314818
548117
944012
  6985
957596
521213
229358
316285
189378
450327
907069
640502
489926
190923
 69224
563164
375614
 25960
303826
389335
349454
601100
215163
666004
740785
722633
813974
959027
488258
885571
557803
803077
950041
501816
326414
907637
539381
 72124
740274
245111
522451
647343
885613
528729
838266
471189
608246
730233
497150
912072
635920
362956
513172
851083
545312
253958
573717
359287
212985
578327
761210
287141
897756
711251
305309
224170
135240
844690
812647
875514
606153
851450
522858
  8118
896532
877476
479307
504778
607709
492809
416850
759982
372117
446374
611065
917430
216684
184782
793069
946022
279462
554279
233163
177218
781883
538472
917741
917123
899514
730388
792638
505667
 98190
315496
513785
994722
709324
509444
499500
833386
518606
916350
593368
890723
879077
204433
324505
 95761
905568
117574
 41783
185030
188206
791298
362248
970089
846122
279989
403564
745636
526729
196202
767655
624920
 28050
797792
135994
737375
823589
635495
 87113
342195
 68197
680481
749270
947274
884914
 73776
559388
790482
191350
117523
491864
379556
908822
854113
865997
754944
650454
269562
 16933
177184
982116
784588
318456
526519
582381
454450
780246
405970
606297
867359
264517
674495
547840
 13787
138121
949106
603915
697509
255941
311618
815033
747805
207526
240207
118270
 73524
995151
768725
859438
 12084
462261
357906
313025
780717
884425
895406
751519
181023
817728
357817
 48382
598597
548664
112574
128736
686785
578033
732652
900647
833974
 44270
232032
581779
768148
988591
216402
358024
983742
985127
217462
512179
447388
575369
825204
744457
976146
236962
495976
157170
571042
370145
721904
169639
918809
350831
298375
121947
928864
 31027
538946
762838
591649
287330
860969
876150
275921
 77371
234174
776015
578850
451637
804546
 26238
543358
629750
770695
 35856
383064
783024
709378
954106
669521
431283
123745
104683
782114
938473
226630
710978
485852
281928
990168
 77502
569258
367489
470004
845179
444861
704178
137546
540063
672167
942093
566302
731877
 88195
853349
767734
471260
152725
477112
941718
822247
424747
581816
926930
206861
520289
669912
434191
  6141
951840
940711
599995
 37450
308201
 69999
398981
269414
774178
536527
809477
962697
478620
892131
694575
566816
745481
462309
554428
898206
455773
496146
236805
396873
594314
163735
603734
114603
349999
554278
637097
301839
494989
753444
339289
803190
823444
254622
 72604
113974
791150
398434
 76671
786122
290565
287598
352938
 36046
266259
423718
450605
722033
436217
203762
635258
 30531
883850
238992
661487
233849
309622
298584
 52041
804612
 52028
907682
124154
391824
162305
713111
 22150
953455
111545
615174
739577
918462
902772
608868
470861
169032
 32586
921466
407417
468803
641580
 42675
 15687
525430
798019
677174
759280
107642
492110
811321
428606
544138
719003
 69112
452315
397660
782223
990817
351115
410120
605991
607045
328583
508764
732265
799444
194148
764851
237262
117917
750007
878842
160592
282046
920625
474963
959220
679905
 98957
451330
  7578
527563
511820
242933
596676
480487
640594
895251
471305
508061
305372
 77296
631458
150307
102412
363723
466103
296560
644927
703365
414477
394934
 98559
 91421
676980
 19184
566385
152552
215441
181694
603882
739371
709258
632054
498657
822286
112542
655603
233889
583847
163664
 55613
661143
795123
205920
763556
675198
672023
576468
320125
891740
507298
231411
990300
598719
424743
525836
681456
577295
257630
379503
697529
513353
 88761
329584
 12010
427399
442126
667613
177640
542325
347630
233254
203468
659105
955526
483376
334303
143902
576197
654429
 35642
 83495
885840
542294
198566
310584
584483
396375
404231
842113
775878
101761
871818
380991
947697
883829
324742
389823
 67794
502382
448500
415424
251988
168320
590881
207515
651697
925185
351417
227894
579614
903411
827741
981806
962058
 26307
808742
546541
422682
212974
905006
714912
314735
776824
 95903
262432
177005
420645
168607
244800
923028
617107
176576
175016
785427
767458
898883
953476
692643
766652
697722
788609
670064
 41815
286767
632122
 68123
 95510
178663
  7157
308484
600021
722070
139571
376845
817973
402003
553851
754971
570610
315003
677999
704069
491579
369367
  5848
259037
268251
475677
468032
 34903
689751
772993
221319
731567
 59761
853441
316042
155271
548456
323199
980107
148477
561621
119678
 41675
895947
 38033
595526
650918
124995
426881
845269
829064
918460
214636
351264
177498
999239
826941
161882
550495
516693
934876
771814
764612
510989
141608
 80654
666260
690064
403853
162719
354894
481827
798749
396569
377774
836782
508447
545044
961777
935328
390313
790841
370140
121301
658457
547638
120541
  1751
225873
671036
518444
160749
959202
283056
671738
100810
880062
854350
307227
800267
533421
178473
282094
332170
575042
176220
168952
599841
721264
130729
 51521
627929
437922
421661
749231
 96379
485652
386124
 98130
711525
573512
132926
388626
532714
932334
576716
149877
812396
947418
973456
129016
480839
151929
411110
813009
243323
103683
498313
843164
824947
629042
411037
969229
583316
832698
718460
196047
834702
620936
810530
546227
194448
943456
451205
243514
392143
 27921
909743
720891
975339
883199
849907
972530
 35128
777370
785539
278451
881053
800204
637967
222352
429246
 49004
191581
528914
881703
910041
724962
716405
 47329
535492
778985
241777
995300
746542
485292
903795
774464
395035
141039
266155
794587
990946
238686
829715
284668
540577
624519
165721
340782
262486
388074
286380
311491
579655
815295
709546
  6049
 56609
942303
 53378
592101
237640
811508
103753
984183
813152
  7549
274999
724539
148588
541154
519126
655886
296192
348842
940555
353122
489713
622628
210256
752199
 10702
496636
580042
106710
828283
289588
112759
401244
231892
682489
509697
985884
 10349
613451
970067
823501
137352
245066
548041
802292
302573
 67167
974530
598765
932361
915085
468239
422074
 54066
678495
690626
 64768
175132
270668
171478
519767
560257
800589
921012
308501
999431
947061
294385
  9780
560512
264453
833282
214216
 25871
897675
 16508
328444
481194
991039
443562
413556
422476
911801
351982
476542
590297
 42608
 57663
281781
829629
745493
317900
389886
546083
755264
214739
 61866
702326
509124
 71646
779190
289929
421280
993407
832153
318955
526267
160597
800150
517306
120511
730058
456135
 32313
 82040
449029
138962
641001
506692
937095
470630
252186
254995
376868
314621
 10260
107959
376487
228938
133435
964485
  8128
939717
385766
  1535
771870
221073
 44155
448819
 21223
 77813
569331
751281
533948
117996
349674
499330
773310
507027
  6022
710405
494009
774560
965400
387229
605533
492012
495188
498372
237302
628623
462858
245431
568340
364976
763318
856562
586049
807473
305382
123625
885287
874713
391258
935587
509061
257284
434917
282371
764311
957292
992776
774672
248204
474528
678253
853738
482893
173441
868462
720195
318417
331320
965626
403109
212648
245297
259672
798698
 52770
565054
438675
454409
956119
829933
389997
981532
 87218
341266
263903
367881
298558
773031
658906
 63115
247559
337159
916853
730452
510601
785315
450648
345370
632988
932626
748479
845636
177923
  8151
160686
747046
 89557
115713
717807
 45676
945647
107804
 27208
549217
965423
807463
917098
780333
580494
 92356
843448
344406
429516
276653
 74858
456469
 61969
 41858
801839
211309
490837
 66670
573297
185112
 74822
250336
932158
164379
366049
166318
726408
828048
790474
269968
377265
755897
 77432
810716
536231
174278
903072
379679
518684
332588
656333
109895
789057
234654
668105
107248
962315
158942
173919
535612
344055
765093
302300
792565
445824
184702
958883
688584
 12750
749358
958553
390016
 21607
552337
200732
557838
726615
620156
453870
761652
952745
626555
871547
258154
377561
539652
881755
339876
698595
572026
391840
559002
337119
694141
867919
299295
395195
343155
987880
407945
 92513
946433
314313
630472
 15122
 31397
704663
258089
651554
158533
 19741
120651
301440
891288
378805
679001
947293
776912
 18877
162240
348938
927069
721242
686057
137562
589161
985353
532757
448668
489585
940703
 57533
952370
255016
688006
967492
286414
392669
225581
454320
 67554
761675
574971
368994
652963
470128
 47995
116608
247041
583224
278848
595979
510293
    90
798389
647856
105604
300094
180613
554272
789679
637668
611806
742049
409037
816164
225893
211803
208833
451474
666123
276387
213149
757446
161733
382465
227574
209728
499073
474615
309304
777922
586947
819597
294364
385336
983805
916320
685430
680771
986945
991461
318439
598751
733510
727476
414915
959403
455631
140100
927229
121754
932839
656731
395552
 94572
555548
623127
304300
 54621
614094
613604
348895
201041
949553
159612
102729
933359
 75932
304511
614130
 62877
295972
448921
177980
545834
692750
109247
 21589
148381
249347
948819
786488
182186
605550
182040
276758
161098
805167
 97410
732071
935614
227366
597319
136655
176920
756931
755737
626631
349215
 60248
240761
928445
872573
689682
106425
418407
382432
732025
439997
 47166
981372
905168
833654
679911
510718
 15694
473021
188168
337214
 86784
436591
272828
314150
 33910
925835
  7422
307193
681572
150405
656409
258173
391166
584854
130746
597201
207631
549153
495985
939656
505502
543151
437381
410670
893157
633644
437740
425204
106665
625908
762418
709801
578852
551598
540304
129114
477433
547726
436308
675358
698132
609069
933531
605650
710275
 64277
719203
434258
613430
731541
373915
635285
791044
327648
 45955
684202
961292
483696
109406
584309
625956
388176
294111
204808
939774
834415
333923
933559
898493
286583
608917
112977
412004
542448
234980
638631
606725
470535
 72889
736508
202076
963156
371793
509473
807156
934100
193675
768448
417796
819433
352758
 43753
723961
163221
764913
663735
513988
615188
597294
412481
901771
722564
 41811
830127
265012
276791
468758
871738
747326
 58000
124598
465755
537508
 12743
975228
344665
946843
685255
113113
364640
 21040
982223
924745
745001
145444
689658
408736
659432
304847
522382
588266
722970
244946
630077
553098
509959
423220
538208
898049
686898
596208
538999
152653
133717
 68094
644233
994734
 14937
329488
107847
895929
350528
 90071
820674
 95529
751867
 26685
 20617
927652
847884
 59352
 32270
570854
304298
662347
640304
330609
601919
694865
745010
288817
807425
800361
957823
457494
868455
602056
452228
399745
447897
560076
295674
314777
166499
632701
926659
434718
659386
947276
878722
 23622
522980
910992
110828
343631
 89691
751133
190592
207962
962350
451955
496780
769775
252316
970955
227270
637124
 89363
195850
 36869
537260
755926
332543
368390
438777
965244
295049
389848
140982
758677
268570
680956
281658
695915
791785
625289
301958
542918
815881
509921
 21620
267836
  6701
791395
 36505
494008
535017
673629
583371
730868
710498
636984
  3146
559393
  5374
958276
 40990
300423
348124
698324
575452
133046
379281
857110
345313
171066
998751
647272
230336
330985
157193
251956
115173
680246
 43351
151678
690606
 94721
341659
273977
825589
 52157
910961
828735
127903
916335
303363
168893
733110
651487
867217
308563
300886
246498
165673
162551
417564
680777
809823
164252
 11762
483368
416208
126935
679966
975912
794966
370572
 70633
136625
160902
896222
705135
 71863
241309
349390
504551
544673
518283
237661
712512
385500
546224
529750
148351
228250
692302
 82267
909027
 18477
246520
437141
 18198
662728
 80428
214516
638640
875394
585089
225625
528372
262343
638199
749859
334206
879509
615601
838757
940534
133884
 76419
169398
 35736
138995
215501
700439
367245
424155
782707
792624
958984
 29227
229765
977182
691955
826546
191699
846948
701940
293140
 72573
746664
555483
710773
 12875
406041
106634
628476
244799
563520
278712
837570
249270
830801
492917
981123
531240
376515
405278
313947
169139
364263
343174
915257
857797
551482
741803
565848
914782
960095
858988
987355
223112
930823
214480
235987
336865
837466
380816
 98016
917338
175880
935586
166609
  6681
944855
664084
537922
321370
 69363
851869
490510
949978
711396
922119
807775
262878
663922
373624
177660
624017
748964
681367
363481
679788
412200
599469
 16653
766018
496637
114669
683357
672517
566607
366318
195551
 27814
 30402
733473
349185
616117
101694
356047
566095
813090
278166
890223
592320
458440
263847
286332
598809
 12811
484052
962291
208951
896252
 78112
741956
178622
574749
856625
861979
763618
939584
744649
959169
967399
291404
208994
832936
907521
310689
188983
473617
123779
983501
363840
716100
441941
144039
518784
 40750
673202
  2836
519393
882154
899088
597505
624110
594063
688606
997088
972394
968577
453024
717044
927746
936775
  8448
653093
769711
915969
963782
475046
905938
603913
458547
786130
320013
900488
930169
838798
457591
119724
357986
976984
518230
773427
 90842
658692
367490
779448
655780
339884
748025
625157
 56928
192124
 78284
581728
845217
847996
497698
325351
323042
919988
929264
297942
706119
765630
198430
636288
120780
172373
272364
478766
149358
790594
252193
240200
449287
619683
536000
621419
959568
800378
246576
532848
508854
324861
114577
354071
689209
612275
195774
528603
532263
125038
826545
238382
890668
541328
391023
 11448
713701
663387
490215
379411
970334
742408
135963
419621
878444
671964
 41040
838012
472342
803969
370860
981196
128830
485437
851619
334391
614064
563745
862994
662680
688783
205892
417414
 95804
747220
324789
107252
977273
504529
113819
356685
474863
372580
492648
894484
251024
680964
451876
 89036
669658
255845
976248
167206
901027
978038
535177
235418
592102
 98922
614765
771134
787706
337009
188549
883510
 84229
513338
507114
577854
534219
620934
934539
  9082
509866
943540
419918
760890
624504
871795
366278
294163
127640
342526
977721
 28668
836916
512899
780438
945371
611821
911555
716505
915879
248564
421406
799389
849145
451097
822856
427000
985316
960142
877891
994399
470008
821431
414317
747250
962288
802464
113528
772803
930105
972406
750524
475125
809323
263423
771915
754694
875245
683471
987551
791124
448387
408958
106866
297533
860055
446074
240885
845371
406216
118776
356122
392576
456560
286792
139826
418848
 89256
769706
191651
535713
742112
458527
527190
 67787
721951
299106
338833
113548
982577
326385
421024
947316
735343
 44242
244849
595398
490316
  2086
957121
412884
637215
313244
321812
 93775
600036
461638
 28975
689292
747696
736978
741358
489809
195505
268548
 73948
917456
567654
412782
547356
 66583
739167
968381
 13900
474510
 12623
775101
586260
 19292
293540
543381
432176
930755
856625
753989
540882
973013
731979
569857
178658
479676
306835
920016
485837
 18692
188564
 76137
452501
272571
488919
999857
855506
228086
484590
869406
218948
497214
160860
321560
 32858
454400
864942
465034
901507
237919
735375
442389
210933
983707
528598
905943
463383
351785
825959
465572
370477
530875
541709
339330
803446
 30629
339188
658953
775067
340130
 44711
510368
353696
721923
348280
386554
692675
729574
851589
594182
967494
103316
552923
694779
 87023
 81521
117074
 66758
433306
943033
532330
320136
473908
590392
659466
793707
137373
515006
969012
428792
855137
530075
455512
208833
251999
803793
595388
944674
533367
963329
 55209
 17213
582997
124484
228344
670021
722358
345418
736779
155664
288451
785462
992152
278712
892206
651619
588771
 29579
682977
557783
458371
538114
 87858
913884
746948
339857
234029
858688
800884
767396
822017
372445
300962
405014
 13281
529306
591387
735639
874725
844519
407656
679528
146333
399808
474592
 38539
567779
 63363
584470
250757
137498
 42841
788871
225357
473077
 52171
 81566
707106
910859
398802
990855
249228
287599
291817
170595
300881
337475
278334
552872
212200
122853
960528
408081
785538
360337
399025
824077
444468
978741
408547
695225
116239
967741
   449
341596
957170
568972
939515
180629
996184
854669
687836
245412
142269
979653
932359
959502
317128
210694
512374
 45681
849899
989255
970114
635438
349592
369139
975867
310412
864232
900767
521990
980472
384860
522439
838420
858382
 91411
777935
 39011
 87595
632605
243199
849360
291226
222852
298071
767080
 56333
 25117
279454
618366
875017
268709
104832
 26807
134653
990323
519026
961418
854556
419793
483408
835028
321005
  5847
673448
179388
613610
967736
734751
217558
116693
977951
583270
407919
717155
881341
691351
773488
906459
970805
908206
297828
755867
 13038
840987
406872
  3362
360013
368290
857918
779807
851698
209298
100812
373897
882746
796552
503860
850482
531304
237770
483527
509255
821040
407798
742762
218733
 99149
516251
641544
586307
940809
455724
342174
953848
296711
265398
473562
656725
633689
847832
952884
  1739
 57130
 53696
891989
939876
366601
395849
306711
897905
149971
790238
923512
971011
198037
666274
706096
297186
698877
347641
883493
639687
803365
742019
109887
616429
  7418
 99801
273154
157459
947633
226038
675550
  4763
796086
567539
944639
162687
479740
767702
 60592
629711
 74293
500456
117074
272330
166731
823171
 85868
381960
687164
485714
537999
  6881
744085
647886
623310
267855
747687
412816
425314
695320
638854
100865
216435
434941
184756
161075
597628
664497
445129
174573
810560
519422
675029
927635
308104
358112
267158
910325
740073
954322
912391
278072
477555
656476
442311
617218
924332
706350
 30034
865998
918023
668889
483215
134458
620182
667972
811885
734162
848821
257015
908735
659381
292789
100117
587016
600894
974581
370526
 27571
714654
324848
939962
509079
318756
112790
467742
935974
 37122
174092
966008
419473
608467
634897
419040
742926
771431
603364
 71163
505594
452185
328178
414329
627919
137320
 30798
731287
254566
  5380
101814
282137
236386
943014
222099
261817
261770
851241
729559
197744
404716
420004
680105
824189
 28471
831354
759581
287749
602786
362946
358913
108380
331483
203443
 39061
959402
340763
 69860
207042
595329
 75240
308856
393818
827978
768222
615917
 89796
 29993
983511
819355
744089
388227
755711
424194
212416
300535
255549
971997
588284
374687
851295
463549
483067
182779
666993
522128
142181
524108
108340
865575
635790
699932
174431
 29608
527911
942654
161878
617707
488999
145389
953414
233088
533616
709126
173635
262384
  9661
945536
750733
114297
320223
602029
577847
319642
784808
761192
358122
443341
285300
982815
308917
437442
682747
999700
467051
727010
942354
628929
344717
947705
774318
298132
697146
307934
523610
870781
570318
 49623
332669
321051
163920
169244
439432
258119
  5238
224240
 19311
363360
667582
820964
862527
492851
258406
545275
492551
725457
272285
951258
354386
133355
898963
645056
947839
596109
469342
471449
983242
556012
521072
832263
393416
201344
  1507
832848
459464
  6745
 57089
995127
886458
241023
816091
748985
733874
590850
810612
742777
316307
599250
694035
187046
732605
592999
348454
196796
705460
817797
668245
205055
373809
705669
 37318
767225
423365
 38826
116426
882829
561923
689867
877957
964733
930890
210400
230071
181116
801250
557035
923893
633910
156285
134281
820956
405242
243632
169410
602038
949092
503559
786635
154147
393721
  8656
191466
677298
432022
746644
793724
831203
824919
483591
225512
306005
930833
435913
536076
628301
237163
609463
 68547
871073
765749
202828
208381
687343
446460
894144
289382
911904
397703
592369
 66052
791424
601026
773870
468723
549400
 36866
778799
380603
378137
262391
122468
684142
193224
558381
736570
821526
311896
346034
890073
182970
628135
609253
907703
315478
 55713
801847
121212
483969
715903
713582
 66373
 23679
830960
840243
492402
896712
393461
271202
793667
771599
 49945
916135
455741
759521
474516
192312
 97399
786413
 54698
503824
485735
682833
113077
393438
514663
685142
711638
635876
169112
427541
865810
235485
451220
213122
592081
459975
109834
985542
247529
903501
273493
813826
819637
729235
573347
810505
437899
187099
596918
492597
690923
599005
691782
804001
508796
206445
  5495
736786
358673
690959
680679
224483
926445
648251
953957
 34878
108226
 63791
536772
872107
483645
810266
202285
303282
 55853
775633
630139
493752
962732
743410
502701
170007
342415
710835
490360
367563
917280
495856
104349
275954
186815
785028
 16789
629612
433280
970747
180842
 57858
550890
717615
446318
 34535
527881
648603
854169
583734
940588
484309
593838
419672
227719
612891
589680
 86486
323726
 80040
454050
757358
575896
558399
549664
279064
859780
566454
425028
293060
 53553
605871
867270
604443
323486
313588
155331
367719
962192
  9500
951453
902780
 10161
 61643
322453
237880
674534
912133
324367
514612
508525
778417
271970
600774
853168
821635
396190
712948
904441
821218
  6008
957994
943441
389631
 78789
266927
703219
750472
634646
665411
759973
102451
 84544
770134
680446
923349
524367
354980
351834
848734
385944
860359
143503
657915
461133
996671
479550
857323
225972
383991
194894
748332
858337
138335
137963
453478
405263
841183
203951
556261
 22946
480276
175065
107490
766762
855511
 30839
291129
726844
382673
656215
112788
759385
799718
770703
220518
312742
766605
594194
538714
666948
789088
287046
 41637
927423
425010
495116
849038
266193
215419
405300
289139
212047
 96717
912982
978809
468580
460173
269939
195424
359199
442506
824565
118584
242225
595268
855454
 71319
878226
449648
610033
 61526
755088
897079
103164
682512
322089
114632
531550
104634
846403
453202
910126
 58450
 66271
339460
 37259
534852
799633
823550
730276
675184
266057
554841
793768
 24634
666462
165575
 95953
 61040
615223
705986
122566
886664
119417
742082
569176
957859
856714
617078
 62493
219469
 70281
488971
277919
136552
828431
315179
671404
144417
655081
918033
819601
437490
989226
129722
462124
172040
295297
 74429
233080
426872
780415
871999
313536
416185
614081
399064
374044
987148
 16143
952889
206617
602776
441861
   889
739328
786644
316068
927085
447413
487501
361470
267015
924992
350696
396737
387116
522737
208386
977898
272169
151610
758313
144168
465147
174498
274602
864211
 64894
261750
880354
 17784
984719
483130
975997
985608
738811
278993
818028
182248
726407
821882
543718
509774
746874
410766
422863
650342
449855
631249
628240
722025
782859
902906
382545
764358
593756
657147
144922
658651
435249
 25276
192787
936321
 24759
685136
438281
279922
964129
256310
978522
206888
 78192
522240
716662
341418
449358
655877
991760
899214
803478
136353
137591
586338
 39259
520136
867048
149367
693636
 11970
808018
645237
553599
517157
581558
 94710
202293
536192
374632
682775
308854
353154
889663
903398
391746
122678
244816
841104
778555
752928
256670
582034
405633
394261
684724
444892
430750
 68124
110612
124386
 80095
918630
285975
633694
952140
383886
728404
154433
920078
619388
837208
228932
488894
243224
132330
396992
882254
893498
754448
660809
646426
 11119
759195
 52060
921732
960271
 13304
352482
 28396
123916
993220
108491
558899
279196
258537
 27391
663082
503293
181824
 99512
639033
535385
328444
127927
294961
977126
524919
177215
870624
795719
354376
 33402
806838
113572
601814
728571
590195
615119
597405
618591
255387
590626
727082
330638
386174
501971
358029
565608
  5264
 56206
665120
644297
107943
509916
288576
402904
487042
329847
 96471
357666
125567
450847
391068
448757
 80771
992883
693680
670967
124354
291086
805910
896093
398064
 49345
743084
300590
551316
101113
866198
 72933
673671
531318
717230
781614
 41234
522159
700870
 44628
852006
797341
402294
493925
764541
309714
942683
361664
818949
636363
 32631
459655
443801
354894
355749
358217
404239
 98833
658807
955555
716298
525005
 28488
906322
572675
262071
687936
130261
300582
905159
174889
152588
702500
577183
646514
983393
403250
105549
345058
222199
258264
894041
198207
218418
248935
553956
576635
169526
169141
235443
125082
401791
276800
669922
308113
849476
448345
512402
979737
748927
933913
154627
417868
152765
248162
580734
136159
167764
686283
997569
906316
460899
891610
104523
679317
656898
174831
255953
826424
860324
  7748
467858
778467
284548
137781
 86581
650376
102478
115335
630114
851406
 49248
301093
269274
202013
 65607
850008
854524
749724
 52643
852093
656040
513542
743704
276915
709212
916954
451746
965165
743378
312070
489265
211237
606889
773813
865370
693470
424190
967848
325157
570656
335606
890757
388101
121232
609123
970060
487592
463647
719784
540235
832093
375824
570130
 92149
652739
279342
  9103
620837
760859
752481
449259
250124
480070
 56149
540289
861792
265971
480831
829641
107481
 51487
165247
998238
955940
802832
123713
926001
290424
587361
645785
830660
419454
537962
917142
511603
707053
712836
 37058
844243
473695
305891
293502
240171
785962
866003
780460
164106
131975
261292
993747
239456
829131
675347
754046
785072
478179
877760
227425
768603
981473
389562
115615
917279
927524
549109
945234
150930
261945
982292
995173
251992
288183
805027
492163
590497
671031
788976
754604
803006
566620
264703
558814
912103
456402
829212
213527
450933
706972
440952
735889
204797
830515
367856
122076
274391
916966
 67310
425321
178911
565954
936846
947256
370490
741874
439419
477339
412905
744747
748295
732263
827719
 12999
807429
739823
985753
636641
953350
953039
859966
910655
688928
 64763
741170
 56784
186840
531913
490102
770502
473587
669014
852809
410433
616270
223299
668659
572041
700638
597916
833141
448934
330179
660860
978285
653960
917035
480390
806954
386738
433429
666920
297393
122357
248035
554915
695494
951227
 86828
185596
238082
560415
370962
 90891
970849
503584
314190
639508
591978
531180
237425
425119
496466
 83956
602331
474751
254269
 35719
955142
 61223
422457
904923
244495
719850
543633
492530
274765
239127
960110
361593
941075
198192
438361
312038
289083
409210
331974
119625
565070
923952
650805
318847
865423
147272
919156
467755
138375
173425
503474
609869
751000
442283
514793
995495
162133
 58426
  4377
953250
813905
964487
831195
754980
162679
269556
583370
451762
195118
431697
 87739
760189
355649
738545
 79036
221073
402169
998192
205180
540544
687969
225006
150414
438969
183641
181559
434464
345774
239985
955194
815376
570242
919681
646571
325222
598713
432480
424945
566827
627598
856642
654567
387787
728643
393112
983176
466068
311633
981368
187600
852177
185690
412606
518943
624659
596247
700502
 59124
458373
456839
 14318
790101
 27081
450351
436673
868656
 49064
869153
809953
615892
 13103
666595
270459
400891
911590
179923
384067
377659
491556
881787
565259
860085
 67477
494218
895381
692137
606817
595883
267613
581543
569075
798283
371644
596156
764986
324669
981164
814051
710174
791117
946295
723278
457712
733106
640521
885655
913029
540940
263314
920937
422727
344925
297374
  6557
355495
192755
215046
962313
304991
482659
 60208
874066
797294
948204
986574
562280
272874
967739
892683
499400
758856
838978
739030
732921
 88436
379551
618576
  1465
920491
398242
438754
859571
743167
736129
866128
 98663
445236
 81174
577328
750227
 80185
637536
624293
393831
585740
610868
472463
374966
578607
365147
390719
853815
720477
129749
586736
808914
 25653
205312
326731
946144
603554
765486
322067
863074
 17967
188195
961737
463203
785721
539065
213431
382258
692953
354076
776089
795045
481296
248553
170012
576255
130052
560731
430071
366881
206832
 16807
175795
232485
738472
 18879
694982
858378
300717
 17049
721452
318684
721597
199541
298239
 23670
254958
 28022
405929
947911
898451
698370
742957
379747
946923
429321
956003
593327
506404
902426
960209
713236
435585
652356
462074
174057
671235
157056
548788
971952
690457
270240
806988
412054
986134
621580
952077
241092
649602
358006
705356
548053
 56376
964665
927801
519652
393986
400156
629331
416742
302582
589540
646330
254519
241897
108404
944929
429484
781812
493717
401437
472270
280309
724777
400676
266443
346357
352753
 23888
995960
227111
729244
 60365
799840
693909
504518
319492
604247
904674
948823
 20989
723608
 54716
183671
978128
812965
292076
439409
242449
 73888
933126
160238
 62510
213435
885016
463187
996231
231373
332292
 20119
743685
559404
749363
320403
359244
959624
824921
195088
 80223
245948
660263
101212
485908
714979
801235
464036
527944
 93311
419797
770394
683552
352923
930632
746062
 82711
332000
209249
595294
 79726
541542
615413
823411
100946
881128
143814
976542
357104
485088
171630
437327
731036
831893
 54891
216944
 63225
856126
197333
591169
949438
617130
877915
632990
486406
324900
895404
569117
656900
104654
164411
736626
162548
296176
 76390
779846
693656
736556
756388
 50760
221644
444370
488087
469032
276263
542978
685977
855840
915456
399662
447010
381246
 16792
841277
530588
 19550
682529
425993
588667
855782
 46999
269430
108760
209547
 81958
185150
505745
775614
438059
262133
826374
176055
706503
830813
645088
499118
890143
847417
354959
805600
247079
318321
186846
780223
675950
717435
799774
358480
143428
904793
214262
190427
690576
323022
916326
772534
 24525
422071
548149
462584
200556
890875
154991
423411
721689
800079
438881
128184
163848
793840
933784
927279
628513
636983
707503
820816
354418
 23629
179296
 14198
444774
909910
720977
135350
232932
637303
424237
773809
575726
488738
752745
776282
895965
907737
716045
134006
224168
154926
262191
388017
465119
195975
315296
 93632
349310
539151
914448
703728
 79132
610096
234278
523907
520006
955255
175609
269291
108910
116198
559452
684636
604936
312198
977270
 17254
219935
693315
151260
960455
848242
413451
348472
313361
125779
180121
923345
475089
719272
354146
695170
314757
480594
929448
355016
   601
401056
 46977
786244
509966
163176
345696
710955
284464
657894
204577
301718
394181
414245
452979
354637
262487
866430
219461
 92200
508561
399582
531897
983651
635207
402395
678821
949964
882990
124621
304980
883591
525677
351957
186187
551996
 31485
 48235
779303
315950
222482
983880
617668
616663
398125
586999
487652
176964
969782
707114
785516
478343
623048
833766
978346
258255
236161
173519
208219
119151
298141
 29551
519094
340170
381509
705281
892166
412994
753517
187821
245296
975999
688054
379317
109014
 86179
966316
113019
779496
936098
820133
 81364
930794
959533
915130
909140
217789
667644
 82660
942360
786795
897153
971912
305890
237323
869773
527523
645842
799119
281040
833663
 44416
773391
521717
423733
398758
124249
906401
511777
420097
842500
848262
 17813
289646
807795
449296
198786
 25584
116940
797798
484297
903735
694951
456209
725977
448627
842334
253501
610821
641453
 50893
960836
685869
824285
998906
625954
223043
639507
532356
251172
575956
891208
 99434
593769
180854
907229
 43065
895992
449166
160005
693791
933463
580093
905094
906024
306070
870073
748358
559571
480894
389811
610465
958083
592033
951102
956989
217987
690497
112848
750343
941669
688804
641551
 41103
798925
822405
948332
841991
718398
397498
518348
928541
847313
 98441
349987
753337
404512
220061
 18047
964083
217307
407859
 90900
691742
999892
 42002
165083
217879
732499
277931
484575
190520
966735
126126
231623
765661
464884
696308
124004
699634
610158
642352
144527
457472
257146
494514
727161
661658
230927
745209
142093
448235
669420
232994
656329
185664
791348
821413
919895
 40200
 99344
404470
230720
582432
 46949
978696
864445
511833
675004
988449
727819
801514
147153
872346
775338
404299
366860
502500
582309
114140
764061
240755
 78727
949833
473749
735056
135497
781449
556469
 55392
338001
655814
459863
568722
754598
 23164
 63770
619043
 51349
255126
123844
779168
 56640
787349
167866
348331
708001
 51078
367183
290310
165218
131244
531065
243945
 81077
521166
979002
732926
818968
535471
788318
156969
707637
764533
242043
462235
787697
305813
 81278
839046
 77291
721474
134566
650284
508824
302432
998615
216825
353511
365798
 23487
518729
497042
554553
762675
 94471
592071
258029
827397
411039
793500
132067
 84361
501138
896601
326404
963373
684298
148570
561004
 39697
225861
282478
174263
876145
791302
476696
874760
524479
830207
240558
547967
865288
253952
102520
144315
864775
210943
402344
208524
138335
195845
340592
222696
213335
237193
549100
693060
437843
697670
254064
993892
439884
 52895
168156
316029
360549
161204
707142
885029
507763
947700
432996
373051
718005
 51868
517367
582780
262811
919711
307657
917498
631908
648249
140194
361595
401794
205647
 54656
839637
903317
825072
349882
859553
394319
518038
175583
754869
195594
882725
639898
703357
346777
589246
 76408
581134
641114
110127
680267
420277
546191
987924
337776
178099
636173
994322
539695
554319
199969
110703
910308
619639
935775
260190
479192
846447
778228
654775
601316
973822
 53852
757566
193531
916982
346812
269940
498116
987926
896419
178383
924555
442610
682659
262331
620710
835184
256654
676757
389503
972975
303812
299812
592614
239587
560002
 71807
602386
854583
726582
203702
344757
296787
961268
538289
213769
308080
324581
228237
812358
221000
922973
253266
663611
605632
 31949
800673
957169
804955
477430
346672
777931
781242
646484
370545
537181
722839
442352
139568
577422
685287
859622
438531
498426
820891
976820
712195
645323
817753
456784
974034
 38754
379757
227300
218717
501742
775601
 19390
458911
580557
 13172
805583
358488
794414
968420
729033
847947
207611
687738
503867
785033
373025
363490
739916
871451
700733
233089
 99998
862408
 50842
 73134
836442
605948
452892
580094
824665
470986
355696
844055
929897
452605
857227
251832
811093
167993
220252
 56478
532293
427863
744216
 36160
729248
633593
916002
985517
 21396
616735
218606
637746
995496
269448
710881
348290
391749
680125
928385
216414
151111
800433
 60470
 81008
253038
434049
849192
580483
118395
 69445
153313
650688
 13660
897530
203200
259261
 47475
119203
244778
585224
252290
979736
739322
764138
765536
450203
112429
157285
646680
557166
373700
797791
873951
950522
395151
126989
384571
244344
223824
 19318
830141
377137
670006
360153
791019
389559
135766
354847
508762
380544
456423
277404
876632
195745
 41543
642169
162301
670324
799454
808981
227490
173154
123125
101441
640028
518276
744782
 24600
278972
968606
560270
625465
862095
230277
985619
653115
619836
121385
524314
644950
 18282
980737
438706
894914
176482
996601
 53435
338783
666925
852890
664117
894415
542396
787242
995856
182425
821870
256990
207025
617195
225596
283647
242660
604044
513924
744631
773511
650112
382369
297825
811414
400651
794914
250121
811917
971396
763074
865353
826532
430000
234595
  7001
324415
776991
310595
836624
959416
132465
 93614
682793
266012
835563
966441
508673
955959
996717
769656
729470
646830
152025
543647
974596
 69028
338561
741069
397298
309957
504144
779003
652841
934144
 13598
659842
774911
790589
970437
127887
750006
619255
737854
949151
885267
 89769
915592
910292
 45728
912310
679949
775198
 75492
348326
318845
 50088
417355
657406
791158
331005
483715
295302
110008
136557
745798
123606
312751
520709
430547
283189
164949
696905
418796
902803
646057
304063
992572
 78001
730708
 38300
506663
927009
813498
582155
791687
648695
148596
209042
306101
456106
 56399
306168
751408
166407
442725
 13558
806365
755477
 50619
753265
555018
215568
450170
490166
118371
612579
310581
110943
206933
 41289
665595
713596
484650
995445
295752
276338
644140
960700
  1732
466593
416806
 58132
772762
684566
740891
731839
698124
547257
  3668
748743
300522
 75038
480664
267044
565204
599035
395976
875786
226331
602909
433427
408278
316505
918078
403724
128609
194416
564216
 89309
196148
547162
 22467
770632
319924
707033
511524
568115
921509
 58781
 88136
670253
875655
163174
667269
659051
244731
266304
 55027
120517
  8987
174288
553944
417266
490794
988374
337342
135755
182790
901558
741417
895291
448720
763884
665923
284996
470918
693799
369464
392427
268932
457600
579032
144587
137126
246301
319991
381857
 28958
891370
 18726
554297
 65659
572671
487915
 72805
 77397
825257
208560
776540
726816
949977
671831
691888
713862
854106
493237
701132
 64258
862701
609911
333190
320301
705296
994130
457427
467949
314121
839285
 13259
205491
374363
567557
787502
947034
 55472
860307
540784
397082
 68868
317324
640250
535197
505507
332138
765411
875965
825375
466543
940223
688076
592807
273414
524729
298103
267544
982157
282404
 98017
337794
295664
819860
712157
379573
607363
175544
951397
467670
716328
348479
536538
550004
988729
588088
 55511
320868
353499
931476
662595
820043
871700
867024
929202
661466
391753
743657
929010
890262
 26061
543379
744408
838077
363239
972918
217650
486954
148462
169048
954625
381142
517527
  7515
447498
506257
595603
503009
343477
949103
434485
  6072
285498
822537
389448
731052
484003
781202
474709
929365
671464
500770
989096
415873
855200
868688
388791
 72850
355642
 53605
241898
826619
951099
275778
834135
398597
298387
946090
417958
641864
411545
852443
164288
213395
191333
553737
944447
675336
851291
935508
121054
522755
952631
110150
454980
807831
978838
360123
880681
334481
930080
638932
161100
881179
914710
511587
796128
213097
974030
214086
371313
901927
582882
535601
115323
774215
605690
576122
965903
456981
511631
 86957
496089
464262
197108
467421
272093
692298
827545
669126
543131
757625
308058
220584
155157
739120
732171
467637
952217
222553
681724
839882
124481
780958
375484
239804
555173
497526
332278
521076
954508
843909
124386
450597
824523
837846
918018
 96616
530144
261915
282095
 73276
535893
590153
293860
207402
329274
542383
675039
797843
764937
873115
637726
889418
654073
529562
645574
209246
 27088
977852
246675
981596
338114
887413
948545
162637
725259
382916
775606
771755
644831
 57701
361383
697076
647854
655243
904478
493480
713979
 95870
807676
995268
968985
961754
401038
623059
491316
 46612
348657
 34756
540816
111684
532705
878930
999097
481250
 41568
240708
380518
817174
 12464
541702
874875
373847
238778
 39081
545443
143257
 48914
775774
755479
856590
771042
724464
818344
172080
863875
826012
218692
728885
860768
275860
840569
393473
154791
356019
391076
712711
113079
771594
 46237
125543
313296
437464
 15743
552075
476545
 77538
211684
 41811
853312
967163
414753
624354
207979
233097
312786
 71855
575461
 47830
800740
436230
323690
157661
346055
994833
 30032
737131
223896
143112
 25078
270133
785007
338374
707597
800750
406801
700495
394640
618485
258658
764304
102000
673412
905010
309980
422861
217796
898187
998323
265626
698927
950905
105669
372940
296960
100502
402973
550444
324399
546085
575522
110884
331092
913896
334834
648195
837050
551681
 42835
455535
810339
807140
 73888
483751
712150
900220
906613
446299
798407
421288
711925
 13686
372193
817594
386626
185505
434449
789599
735949
275200
852036
311471
386084
183129
741720
237270
347676
578770
788951
390511
550657
599291
714003
140897
599394
